0 35.1594 801.01 26.8217 818.105 -33.6254 788.622 -25.2877 771.528
0 339.836 995.661 339.439 1018.41 234.271 1016.57 234.668 993.826
0 128.602 640.657 132.594 653.717 81.0767 669.467 77.084 656.408
0 640.042 866.228 628.493 875.58 581.509 817.559 593.058 808.207
0 1007.55 252.59 987.333 255.432 976.514 178.446 996.731 175.605
0 586.884 38.0655 558.742 42.5228 546.238 -36.4215 574.38 -40.8787
0 621.52 816.623 631.336 824.86 591.828 871.945 582.011 863.708
0 47.7814 784.387 41.9405 804.757 -39.6926 781.349 -33.8517 760.979
0 844.499 -40.1201 863.443 -30.8808 827.64 42.526 808.696 33.2868
0 1046.23 533.918 1027.03 546.865 983.484 482.299 1002.68 469.352
0 746.675 898.882 733.287 913.75 694.672 878.982 708.06 864.113
0 836.697 843.906 812.728 846.003 806.764 777.84 830.734 775.743
0 1044.55 11.54 1050.44 30.8155 998.034 46.838 992.141 27.5625
0 952.912 956.339 969.624 973.051 929.037 1013.64 912.325 996.927
0 30.2182 -16.6075 34.8884 2.1234 -21.4596 16.1725 -26.1298 -2.55838
0 167.44 32.3098 142.845 38.442 125.627 -30.6167 150.222 -36.7489
0 1031 323.999 1047.76 338.062 1013.27 379.163 996.512 365.1
0 937.299 953.717 942.374 971.413 833.308 1002.69 828.233 984.991
0 527.641 994.787 549.854 1002 535.587 1045.91 513.375 1038.7
0 166.923 1048.11 143.686 1054.34 124.456 982.567 147.692 976.341
0 793.571 1024.74 786.015 1044.42 722.861 1020.18 730.417 1000.5
0 1049.49 480.061 1034.24 494.282 988.02 444.713 1003.27 430.492
0 536.895 925.617 540.613 941.722 497.747 951.618 494.029 935.513
0 1045.74 744.554 1026.37 759.15 996.45 719.445 1015.82 704.849
0 1046.09 491.113 1025.4 509.102 985.125 462.777 1005.82 444.787
0 744.135 985.305 757.28 1006.34 684.685 1051.7 671.54 1030.67
0 1048.04 918.366 1029.02 934.328 985.821 882.844 1004.84 866.882
0 578.386 -27.3125 597.747 -11.0665 564.473 28.5882 545.112 12.3423
0 977.688 825.685 991.818 839.33 960.602 871.655 946.472 858.01
0 1033.8 764.744 1050.51 777.336 1009.22 832.128 992.51 819.536
0 31.2022 902.605 30.9049 919.637 -25.6509 918.65 -25.3536 901.618
0 605.767 -36.6764 626.238 -20.6831 575.516 44.2377 555.046 28.2444
0 364.555 952.521 388.851 964.9 354.689 1031.95 330.393 1019.57
0 32.4741 521.61 21.5835 535.549 -24.2336 499.753 -13.3429 485.814
0 339.041 1005.25 338.644 1027.97 238.149 1026.22 238.546 1003.5
0 1049 733.497 1049 761.686 994.251 761.686 994.251 733.497
0 531.15 932.023 535.828 950.783 495.201 960.912 490.524 942.152
0 34.0826 586.803 44.4651 608.09 -30.1026 644.459 -40.4852 623.172
0 625.034 870.825 612.758 875.293 589.936 812.591 602.213 808.122
0 62.63 775.624 59.2876 792.819 -37.5149 774.003 -34.1725 756.808
0 272.968 997.165 278.864 1015.31 192.089 1043.51 186.194 1025.36
0 39.8708 841.398 48.6938 859.487 -30.0429 897.89 -38.8659 879.8
0 303.245 954.136 325.036 962.067 285.598 1070.42 263.807 1062.49
0 119.649 708.66 103.428 709.794 99.3598 651.615 115.581 650.48
0 811.912 491.471 796.734 504.207 774.828 478.1 790.006 465.364
0 306.778 44.6388 294.986 78.8848 193.493 43.938 205.285 9.69201
0 117.525 635.502 128.408 641.534 103.487 686.493 92.6044 680.461
0 1041.05 896.128 1040.66 918.193 987.773 917.27 988.158 895.204
0 1023.61 255.964 1041.44 267.989 1014.24 308.316 996.408 296.291
0 1015.61 248.228 997.973 250.394 987.653 166.349 1005.29 164.184
0 983.228 56.2814 982.866 76.9752 950.328 76.4072 950.689 55.7134
0 1053.72 708.377 1030.42 724.093 982.962 653.734 1006.26 638.018
0 211.312 391.376 229.058 409.122 171.494 466.686 153.748 448.94
0 934.805 976.54 946.67 989.264 868.453 1062.2 856.588 1049.48
0 480.224 726.233 459.197 735.158 428.651 663.196 449.678 654.271
0 1013.72 588.59 992.829 591.155 987.019 543.839 1007.91 541.275
0 753.174 813.045 770.588 830.458 704.674 896.372 687.26 878.959
0 1052.01 981.686 1035.82 1000.98 986.731 959.791 1002.92 940.494
0 28.2681 548.734 40.5265 565.001 -20.3914 610.906 -32.6497 594.639
0 316.909 338.455 325.079 365.177 208.871 400.705 200.701 373.983
0 384.373 966.19 403.244 982.594 363.037 1028.85 344.167 1012.44
0 1041.24 299.818 1023.74 311.18 996.52 269.259 1014.02 257.897
0 951.064 540.89 955.139 557.234 875.009 577.213 870.934 560.869
0 120.632 427.171 126.739 455.899 20.3972 478.502 14.2909 449.775
0 651.71 736.052 652.613 761.923 575.611 764.612 574.707 738.741
0 491.866 1040 479.452 1058.4 391.466 999.056 403.88 980.651
0 1032.84 61.0733 1056.23 76.849 1006.84 150.072 983.449 134.296
0 751.471 1022.75 739.569 1039.13 693.733 1005.83 705.635 989.444
0 1034.92 486.137 1052.47 503.684 1005.93 550.229 988.378 532.681
0 534.061 965.34 515.902 974.995 497.206 939.834 515.365 930.178
0 690.415 261.91 673.38 280.178 596.789 208.756 613.824 190.488
0 369.027 779.758 387.091 792.883 338.937 859.161 320.873 846.037
0 806.731 42.7558 784.093 44.7363 777.613 -29.3376 800.251 -31.3182
0 642.719 -43.7384 661.009 -25.4485 582.419 53.1409 564.129 34.851
0 956.351 34.8975 962.332 54.4604 853.859 87.6239 847.878 68.061
0 831.458 265.616 804.679 271.308 790.527 204.726 817.305 199.034
0 861.956 540.341 848.694 566.371 785.493 534.169 798.756 508.139
0 587.207 79.721 564.497 84.5481 551.896 25.2647 574.606 20.4376
0 1020.2 273.863 1045.21 284.998 1017.47 347.289 992.464 336.155
0 1017.03 511.293 991.281 518.676 974.786 461.15 1000.53 453.767
0 1023.18 51.5175 1004.93 65.2686 984.932 38.7352 1003.18 24.9841
0 943.047 967.504 959.497 980.357 906.997 1047.55 890.547 1034.7
0 324.365 96.2589 348.25 102.214 328.079 183.114 304.195 177.159
0 816.674 675.701 839.325 689.855 797.015 757.564 774.365 743.411
0 338.479 917.576 360.729 932.585 292.01 1034.47 269.759 1019.46
0 751.113 701.789 737.691 722.457 647.975 664.195 661.397 643.527
0 733.782 985.86 743.753 1003.13 662.902 1049.81 652.931 1032.54
0 41.7281 65.6901 52.4161 78.4276 -22.1403 140.988 -32.8283 128.25
0 666.521 -38.6497 682.475 -20.2967 597.613 53.4723 581.659 35.1194
0 160.066 226.346 189.63 231.028 170.512 351.733 140.948 347.051
0 780.361 275.655 792.61 294.516 722.231 340.221 709.983 321.359
0 910.31 477.188 907.342 492.459 828.067 477.05 831.035 461.779
0 114.297 635.138 133.937 641.142 117.122 696.142 97.4823 690.137
0 989.995 973.691 1014.35 983.532 984.217 1058.12 959.86 1048.28
0 823.195 1004.95 805.937 1005.55 803.021 922.046 820.279 921.443
0 407.106 972.08 423.346 986.197 368.16 1049.68 351.92 1035.56
0 1021.12 347.832 1038.06 356.093 1005.37 423.114 988.432 414.853
0 811.619 1035.6 789.489 1036.37 785.659 926.682 807.789 925.91
0 141.657 1021.42 130.794 1041.02 78.0661 1011.79 88.9295 992.192
0 155.307 34.7766 155.307 52.0553 120.199 52.0553 120.199 34.7766
0 1003.47 431.415 982.736 432.139 980.25 360.953 1000.98 360.229
0 171.704 1031.38 147.364 1037.9 130.727 975.811 155.067 969.289
0 103.624 636.817 114.012 647.956 87.2488 672.913 76.8608 661.773
0 62.8421 991.81 60.6541 1009.63 -22.7457 999.389 -20.5577 981.57
0 997.009 810.589 982.239 816.259 964.481 769.996 979.25 764.327
0 668.256 -6.83579 678.116 9.57395 615.76 47.0406 605.9 30.6309
0 539.91 925.63 554.57 937.501 526.729 971.881 512.069 960.011
0 45.6274 246.124 55.9736 267.337 -13.4488 301.196 -23.7949 279.983
0 1010.29 650.086 1034.65 660.426 1006.51 726.722 982.15 716.382
0 820.168 51.5477 799.275 57.1459 787.294 12.4325 808.187 6.83425
0 1043.17 831.944 1038.99 855.678 986.059 846.345 990.244 822.611
0 335.694 152.31 331.645 177.873 206.309 158.021 210.358 132.459
0 304.113 38.6426 297.137 58.9043 180.549 18.7599 187.526 -1.50171
0 963.419 946.945 975.967 965.548 934.935 993.224 922.388 974.621
0 824.18 238.988 800.451 244.032 786.153 176.766 809.883 171.722
0 544.76 53.0834 518.319 59.6757 497.026 -25.7291 523.466 -32.3214
0 754.559 531.85 772.822 539.229 726.276 654.432 708.013 647.053
0 134.538 528.985 141.113 553.524 96.3189 565.526 89.7438 540.988
0 356.401 935.746 373.903 943.538 340.171 1019.3 322.668 1011.51
0 402.936 924.232 418.875 939.096 372.251 989.094 356.312 974.23
0 530.293 1025.84 513.499 1048.13 433.972 988.199 450.766 965.913
0 158.961 116.08 141.333 134.333 49.4256 45.5792 67.0531 27.3254
0 566.043 433.513 541.849 435.629 532.956 333.986 557.151 331.869
0 316.749 789.517 321.774 813.158 203.098 838.384 198.073 814.742
0 134.679 911.06 111.981 924.165 61.0384 835.93 83.7364 822.825
0 130.714 573.091 117.367 594.451 16.2966 531.295 29.6438 509.935
0 115.19 538.116 115.561 559.401 8.26786 561.274 7.89633 539.989
0 520.612 967.156 502.767 972.954 492.357 940.914 510.202 935.116
0 237.752 1005.05 227.845 1016.45 167.379 963.887 177.286 952.49
0 962.903 727.128 970.801 740.272 924.535 768.071 916.637 754.927
0 646.614 988.715 653.344 1007.21 574.13 1036.04 567.4 1017.55
0 975.454 734.843 989.911 750.346 949.15 788.356 934.694 772.853
0 386.08 979.325 390.627 1000.72 350.888 1009.16 346.341 987.772
0 114.738 813.596 136.688 827.851 66.471 935.976 44.5209 921.722
0 644.49 815.531 652.981 826.016 593.649 874.062 585.158 863.577
0 1025.29 509.172 1001.31 515.149 989.793 468.947 1013.77 462.97
0 307.607 166.204 300.591 189.153 178.198 151.733 185.214 128.785
0 485.705 127.595 484.216 148.895 391.944 142.442 393.433 121.143
0 68.8761 250.611 54.404 267.858 -16.076 208.718 -1.60382 191.471
0 581.8 447.14 559.262 448.716 550.077 317.368 572.615 315.792
0 108.656 580.164 121.996 584.498 108.546 625.894 95.2055 621.56
0 159.523 647.252 178.585 648.585 172.914 729.684 153.852 728.351
0 315.833 815.86 305.717 839.692 201.262 795.353 211.378 771.521
0 315.098 732.895 325.257 752.001 222.768 806.496 212.609 787.389
0 59.1465 641.377 59.8586 661.77 -18.9593 664.523 -19.6715 644.129
0 912.592 486.904 911.951 505.263 820.535 502.07 821.176 483.711
0 574.764 947.078 558.803 949.893 547.965 888.431 563.926 885.616
0 973.485 818.25 973.485 836.123 915.628 836.123 915.628 818.25
0 136.022 121.255 158.772 128.647 125.636 230.627 102.886 223.235
0 110.255 785.627 124.906 798.819 72.1234 857.441 57.472 844.248
0 667.32 30.1938 673.892 49.282 601.357 74.2579 594.785 55.1696
0 323.333 891.458 308.709 895.104 291.363 825.535 305.988 821.888
0 857.915 466.87 843.626 480.668 786.418 421.427 800.707 407.629
0 759.394 832.573 766.602 851.351 708.756 873.556 701.548 854.778
0 650.113 951.686 638.331 962.673 584.875 905.348 596.657 894.361
0 1005.38 513.546 981.371 522.762 952.338 447.128 976.346 437.912
0 150.448 763.418 130.74 769.443 99.9659 668.787 119.675 662.761
0 896.425 720.25 891.855 737.304 827.532 720.068 832.101 703.015
0 1003.97 317.584 978.563 327.85 960.065 282.067 985.475 271.8
0 604.181 761.893 581.306 774.573 541.986 703.638 564.861 690.957
0 433.458 549.524 422.266 566.116 368.251 529.683 379.442 513.09
0 741.763 983.92 724.784 987.529 712.238 928.502 729.216 924.893
0 491.29 677.151 493.375 700.988 408.706 708.396 406.62 684.559
0 512.78 915.043 512.78 938.124 383.5 938.124 383.5 915.043
0 971.048 527.18 957.934 538.988 918.545 495.242 931.659 483.434
0 281.266 925.326 278.552 944.637 194.006 932.755 196.72 913.444
0 129.445 247.208 140.191 265.092 95.3913 292.011 84.6453 274.126
0 315.803 85.2672 336.484 89.663 315.165 189.96 294.484 185.565
0 592.213 912.553 609.387 926.963 546.809 1001.54 529.636 987.13
0 842.248 404.497 831.208 417.198 782.366 374.74 793.407 362.039
0 72.8518 709.862 89.0085 721.175 59.2403 763.688 43.0836 752.375
0 464.045 760.684 458.926 773.352 392.587 746.55 397.706 733.881
0 221.572 403.513 237.31 421.617 183.059 468.776 167.322 450.672
0 320.46 578.688 339.886 583.894 316.187 672.339 296.761 667.133
0 187.703 225.691 212.19 235.584 169.696 340.758 145.21 330.865
0 601.411 939.55 584.263 947.545 555.944 886.814 573.091 878.818
0 942.326 949.441 950.593 964.99 892.062 996.112 883.794 980.563
0 107.974 702.417 118.643 714.266 77.7778 751.061 67.1088 739.212
0 736.687 732.006 748.693 743.6 705.651 788.171 693.645 776.577
0 1001.94 341.091 986.208 356.821 958.065 328.678 973.796 312.947
0 963.883 843.218 950.122 862.872 864.321 802.793 878.083 783.14
0 973.344 521.549 983.237 538.014 945.202 560.867 935.309 544.402
0 779.552 659.133 771.478 674.318 695.625 633.986 703.699 618.802
0 936.802 879.487 923.46 893.794 864.884 839.171 878.225 824.864
0 129.606 176.814 108.987 191.795 52.2615 113.719 72.8806 98.7382
0 982.434 27.6503 982.795 48.3359 943.491 49.0219 943.13 28.3364
0 989.583 62.2668 1002.06 77.6731 969.699 103.877 957.223 88.4711
0 394.672 658.533 410.423 665.219 372.834 753.773 357.083 747.087
0 169.296 165.648 184.372 179.706 148.05 218.656 132.974 204.598
0 777.723 352.959 755.26 359.4 728.495 266.058 750.958 259.617
0 603.402 951.478 621.646 970.371 557.279 1032.53 539.034 1013.64
0 864.233 320.975 848.686 337.646 798.957 291.273 814.503 274.602
0 517.43 498.919 518.042 516.47 451.367 518.798 450.754 501.248
0 547.635 94.5114 570.734 101.135 546.465 185.769 523.366 179.146
0 994.736 586.5 1005.28 603.38 955.839 634.277 945.291 617.397
0 966.973 651.763 975.837 661.608 937.556 696.076 928.692 686.231
0 331.356 3.40497 354.501 7.48613 336.313 110.637 313.168 106.556
0 845.311 488.379 836.494 505.684 784.359 479.12 793.176 461.815
0 936.088 632.011 946.758 644.727 902.049 682.243 891.379 669.527
0 502.473 653.383 523.77 663.314 497.225 720.239 475.928 710.308
0 984.254 545.824 993.229 563.438 957.08 581.857 948.105 564.243
0 371.302 612.642 351.286 620.326 328.285 560.407 348.301 552.724
0 771.916 933.471 791.172 950.211 749.839 997.759 730.582 981.02
0 235.277 440.771 222.918 461.341 148.362 416.543 160.721 395.974
0 198.206 826.386 192.906 847.643 151.085 837.216 156.385 815.959
0 963.624 814.987 949.274 826.198 906.976 772.059 921.326 760.848
0 733.539 981.435 718.635 992.263 684.602 945.42 699.505 934.592
0 781.071 119.573 802.808 123.406 786.533 215.708 764.796 211.875
0 296.56 53.0193 317.264 55.5614 308.47 127.184 287.766 124.642
0 773.302 259.873 787.504 281.741 713.158 330.022 698.956 308.153
0 168.043 169.899 151.266 184.484 80.3925 102.953 97.1699 88.3687
0 557.032 806.507 575.842 810.85 564.288 860.9 545.477 856.557
0 416.243 569.661 432.167 587.346 368.344 644.812 352.42 627.127
0 776.772 864.452 789.173 879.231 738.34 921.884 725.939 907.106
0 913.416 458.321 909.678 475.905 834.813 459.992 838.55 442.408
0 995.329 265.557 971.746 271.437 955.521 206.359 979.104 200.479
0 753.935 748.753 763.978 767.641 686.145 809.026 676.101 790.137
0 783 426.327 787.614 448.037 753.416 455.306 748.801 433.596
0 956.51 343.479 962.857 364.24 870.408 392.505 864.06 371.744
0 318.42 660.268 338.957 676.313 263.326 773.116 242.79 757.071
0 983.861 137.772 994.017 154.674 954.439 178.454 944.283 161.553
0 559.701 299.331 535.549 305.353 515.809 226.184 539.962 220.162
0 786.458 317.348 800.07 325.853 771.617 371.388 758.005 362.882
0 109.345 968.622 109.345 994.246 13.0222 994.246 13.0222 968.622
0 577.02 76.8447 554.662 82.0063 541.441 24.7374 563.798 19.5757
0 979.464 852.472 985.297 872.815 938.648 886.191 932.815 865.849
0 445.519 775.975 435.666 792.374 363.531 749.031 373.384 732.632
0 612.918 38.7235 616.95 61.59 565.562 70.6511 561.53 47.7846
0 666.122 837.021 674.726 852.544 607.206 889.971 598.601 874.448
0 200.825 626.75 179.36 638.648 124.513 539.702 145.978 527.803
0 723.698 425.752 708.85 439.597 662.146 389.513 676.994 375.668
0 851.016 519.025 840.697 543.336 790.264 521.928 800.583 497.617
0 816.311 113.697 829.402 124.299 795.025 166.75 781.934 156.149
0 782.722 455.605 779.515 478.423 731.165 471.628 734.372 448.81
0 816.645 852.55 793.222 855.426 784.542 784.73 807.965 781.854
0 843.858 505.847 860.929 526.191 798.986 578.167 781.915 557.823
0 628.489 726.86 629.278 749.461 577.945 751.254 577.155 728.653
0 244.283 128.27 231.284 143.223 165.024 85.6248 178.023 70.671
0 401.09 462.056 416.346 477.854 359.052 533.182 343.796 517.384
0 903.313 511.278 911.12 530.6 828.244 564.084 820.437 544.763
0 95.7862 763.485 90.4847 784.748 9.63334 764.59 14.9349 743.326
0 398.57 501.254 418.181 518.302 364.068 580.551 344.457 563.504
0 550.643 643.64 568.286 648.699 555.795 692.26 538.152 687.201
0 347.995 787.904 365.734 802.269 329.1 847.508 311.361 833.144
0 542.064 614.819 549.749 634.838 515.08 648.146 507.396 628.127
0 664.167 720.906 674.632 741.445 573.748 792.848 563.283 772.309
0 263.118 933.615 262.411 953.864 190.787 951.363 191.494 931.114
0 496.517 482.357 490.345 503.883 391.134 475.435 397.306 453.909
0 889.904 853.065 879.067 870.407 813.681 829.55 824.518 812.207
0 885.995 304.209 871.614 322.616 790.371 259.142 804.752 240.736
0 300.671 91.5239 283.85 105.638 215.114 23.7217 231.935 9.60735
0 956.88 554.722 959.932 576.439 833.042 594.272 829.99 572.555
0 528.592 632.114 553.882 639.366 518.885 761.416 493.595 754.164
0 518.757 109.288 538.786 122.295 473.662 222.577 453.633 209.57
0 684.378 503.518 674.51 516.148 622.322 475.374 632.19 462.744
0 155.033 242.044 131.802 245.723 122.808 188.938 146.039 185.259
0 181.228 857.698 193.235 874.223 136.458 915.474 124.451 898.949
0 512.492 66.2686 523.357 81.2234 460.034 127.23 449.169 112.275
0 841.06 229.455 836.654 254.446 781.44 244.71 785.847 219.719
0 490.337 328.03 474.142 337.38 437.056 273.145 453.251 263.795
0 199.17 466.897 188.956 488.803 139.231 465.616 149.445 443.71
0 810.148 303.053 828.86 313.002 801.303 364.83 782.591 354.88
0 548.665 428.536 532.734 459.803 454.444 419.912 470.376 388.645
0 111.311 431.911 111.311 452.13 21.2475 452.13 21.2475 431.911
0 676.202 912.344 680.131 926.045 629.333 940.611 625.404 926.91
0 741.336 554.675 741.336 576.839 653.7 576.839 653.7 554.675
0 330.832 709.802 352.149 722.611 299.483 810.262 278.165 797.454
0 294.474 326.922 312.565 347.014 218.465 431.742 200.374 411.65
0 982.464 626.039 980.239 647.215 910.565 639.892 912.791 618.716
0 583.153 603.181 584.974 623.994 543.53 627.62 541.709 606.807
0 507.246 951.554 502.559 973.604 400.142 951.834 404.829 929.785
0 971.944 136.869 975.678 158.045 898.811 171.599 895.077 150.423
0 485.642 635.74 474.317 652.531 400.159 602.511 411.484 585.72
0 768.066 53.0227 772.634 76.5249 659.36 98.5432 654.792 75.041
0 633.754 471.551 633.754 492.159 578.614 492.159 578.614 471.551
0 977.568 245.397 958.109 257.557 903.871 170.758 923.331 158.598
0 761.373 774.859 771.636 793.373 716.277 824.058 706.015 805.544
0 102.753 171.728 109.198 189.434 32.4112 217.382 25.9667 199.676
0 790.451 39.514 792.392 61.6941 717.002 68.2898 715.061 46.1097
0 332.489 26.7295 330.769 51.3368 255.016 46.0397 256.737 21.4324
0 677.492 308.2 660.52 325.775 564.545 233.093 581.517 215.518
0 770.817 918.016 763.222 944.503 694.592 924.823 702.187 898.336
0 963.206 56.9036 954.487 77.4457 844.896 30.9274 853.616 10.3852
0 759.859 665.005 759.859 690.042 677.5 690.042 677.5 665.005
0 338.569 117.309 360.328 128.396 339.961 168.367 318.202 157.28
0 345.088 363.495 342.785 389.812 201.046 377.411 203.349 351.094
0 757.413 729.999 741.354 740.034 715.716 699.003 731.774 688.969
0 754.542 792.017 774.757 810.219 681.073 914.265 660.858 896.063
0 694.81 51.8828 698.063 75.0305 591.467 90.0116 588.214 66.8639
0 573.131 108.912 597.3 118.19 564.571 203.451 540.402 194.174
0 432.084 229.096 417.877 247.95 347.968 195.27 362.175 176.416
0 736.113 278.134 745.769 296.294 664.857 339.315 655.201 321.156
0 778.343 511.405 799.312 527.206 755.992 584.693 735.024 568.892
0 384.339 421.798 405.604 435.085 360.607 507.095 339.343 493.807
0 654.209 82.7759 654.209 109.71 584.173 109.71 584.173 82.7759
0 434.205 340.138 445.666 357.129 390.738 394.179 379.277 377.188
0 817.241 692.859 840.218 707.217 790.518 786.753 767.541 772.396
0 521.288 37.7498 530.396 61.4779 413.758 106.251 404.65 82.523
0 461.625 658.026 454.198 676.408 374.956 644.392 382.383 626.01
0 759.502 201.613 773.47 217.681 699.339 282.121 685.372 266.053
0 768.998 145.897 747.226 165.5 693.951 106.332 715.722 86.7285
0 218.191 946.431 204.482 968.371 140.246 928.232 153.956 906.292
0 873.594 627.904 884.775 643.873 814.588 693.018 803.407 677.049
0 397.39 342.725 387.232 363.551 342.454 341.71 352.611 320.885
0 663.384 755.135 672.584 779.102 567.661 819.378 558.461 795.411
0 842.766 734.909 824.255 752.785 769.892 696.491 788.403 678.614
0 963.224 326.907 967.638 349.617 849.184 372.642 844.769 349.933
0 468.989 564.927 473.286 582.159 414.744 596.756 410.447 579.523
0 576.982 787.609 554.781 795.689 535.036 741.443 557.237 733.362
0 663.047 351.487 666.529 379.849 572.982 391.335 569.5 362.973
0 319.691 863.538 347.807 866.494 333.624 1001.44 305.508 998.481
0 927.354 625.178 923.789 645.397 841.925 630.962 845.49 610.743
0 469.753 204.69 464.504 225.744 378.056 204.19 383.305 183.136
0 663.125 971.31 654.088 989.047 610.336 966.754 619.373 949.017
0 394.321 773.049 390.353 798.104 336.76 789.616 340.728 764.56
0 114.215 938.031 113.76 964.113 -14.2106 961.879 -13.7554 935.797
0 547.023 357.987 532.743 381.753 462.195 339.364 476.476 315.598
0 955.031 154.175 961.09 172.822 863.142 204.647 857.083 186
0 190.384 473.07 201.119 498.361 155.383 517.775 144.648 492.483
0 914.737 295.696 907.77 313.844 843.481 289.166 850.448 271.018
0 400.905 285.691 404.721 312.848 349.27 320.641 345.453 293.484
0 246.024 878.877 253.508 897.401 175.735 928.823 168.251 910.299
0 588.808 266.659 600.118 284.074 551.813 315.444 540.503 298.029
0 329.11 515.959 355.14 518.695 349.479 572.548 323.45 569.812
0 203.494 615.039 205.847 637.425 139.415 644.407 137.062 622.021
0 281.482 820.877 289.909 838.948 220.827 871.161 212.401 853.09
0 338.236 218.629 354.47 233.766 326.026 264.268 309.793 249.13
0 526.591 725.486 517.622 751.534 440.676 725.039 449.645 698.991
0 330.782 784.884 346.476 801.136 312.501 833.945 296.807 817.694
0 605.511 262.463 585.234 277.196 546.224 223.504 566.502 208.772
0 434.014 112.347 431.617 139.755 351.722 132.765 354.12 105.358
0 535.345 277.563 520.226 291.176 462.37 226.921 477.489 213.307
0 677.027 436.314 682.044 455.038 608.727 474.684 603.71 455.96
0 488.297 150.683 484.917 174.735 364.531 157.816 367.911 133.764
0 136.837 268.052 146.936 287.871 42.665 341 32.5665 321.18
0 547.219 56.5727 559.691 77.3296 519.25 101.629 506.778 80.8719
0 118.351 756.227 132.008 780.865 33.4276 835.509 19.7708 810.871
0 734.106 704.781 721.588 724.057 632.755 666.368 645.273 647.092
0 511.685 836.625 526.101 848.298 487.686 895.737 473.27 884.063
0 530.653 741.845 546.521 756.642 516.42 788.922 500.552 774.125
0 402.077 147.145 404.068 175.614 357.856 178.845 355.865 150.376
0 522.274 804.574 512.881 824.718 429.38 785.78 438.772 765.637
0 172.28 405.345 144.193 408.794 137.827 356.947 165.914 353.499
0 367.178 655.425 388.605 662.388 352.525 773.433 331.097 766.47
0 961.303 745.248 959.325 767.85 841.078 757.505 843.055 734.903
0 146.342 344.44 145.948 367.01 99.0859 366.192 99.4799 343.622
0 552.14 471.291 553.097 498.686 474.928 501.416 473.971 474.021
0 502.711 424.302 499.988 446.479 402.479 434.506 405.202 412.33
0 697.539 606.491 702.389 627.5 609.846 648.866 604.996 627.856
0 354.151 201.249 344.047 223.943 292.506 200.996 302.61 178.302
0 517.85 633.408 519.13 657.834 433.458 662.324 432.178 637.898
0 880.738 901.399 861.926 917.752 791.435 836.661 810.247 820.308
0 395.277 773.622 414.824 785.836 361.666 870.908 342.118 858.693
0 433.146 246.519 426.4 267.283 349.006 242.136 355.752 221.373
0 241.354 99.0897 224.005 118.358 149.367 51.1539 166.717 31.8856
0 350.197 374.175 352.818 395.523 286.623 403.651 284.002 382.303
0 700.154 860.729 702.373 878.805 630.212 887.665 627.993 869.589
0 269.56 597.133 254.553 617.049 162.399 547.606 177.407 527.691
0 336.114 312.801 339.476 336.717 278.321 345.312 274.96 321.395
0 144.975 433.014 152.53 459.363 -0.949519 503.372 -8.50475 477.024
0 372.023 326.702 399.377 336.12 360.318 449.556 332.964 440.137
0 777.76 558.767 781.789 581.617 667.181 601.826 663.152 578.976
0 102.332 683.091 112.66 703.362 25.7694 747.635 15.4407 727.364
0 614.516 551.199 593.376 561.057 550.544 469.203 571.684 459.345
0 117.277 222.14 131.588 241.837 45.6254 304.292 31.3146 284.595
0 699.984 226.601 698.228 251.715 587.343 243.961 589.099 218.848
0 868.48 761.569 881.198 778.446 819.631 824.84 806.913 807.963
0 610.886 461.875 599.427 487.61 545.94 463.796 557.398 438.061
0 463.365 313.815 462.961 336.997 358.95 335.181 359.354 312
0 644.059 518.369 660.23 539.068 563.472 614.664 547.3 593.965
0 543.335 905.78 534.648 932.515 453.699 906.213 462.385 879.478
0 140.313 379.56 139.88 404.331 2.59344 401.935 3.02582 377.164
0 144.136 234.215 171.663 239.068 151.296 354.572 123.769 349.719
0 491.078 48.6823 483.012 70.845 393.928 38.4211 401.994 16.2585
0 507.886 828.722 517.118 850.472 411.242 895.414 402.009 873.664
0 759.164 448.881 750.228 473.434 623.328 427.246 632.264 402.693
0 297.53 189.173 314.465 201.935 256.404 278.985 239.468 266.224
0 280.997 323.385 286.281 346.276 198.225 366.605 192.94 343.715
0 639.478 915.034 616.474 935.748 549.283 861.125 572.287 840.411
0 466.492 244.036 475.229 269.41 359.304 309.326 350.567 283.952
0 217.363 768.595 217.363 797.662 145.467 797.662 145.467 768.595
0 320.52 463.462 340.256 480.618 249.569 584.941 229.833 567.785
0 676.577 719.367 662.794 744.232 554.097 683.981 567.881 659.115
0 984.952 887.838 981.371 913.32 853.774 895.387 857.355 869.906
